Test confusion matrix:
[[52  0  0  0  1  0  0  1  0  0  0  0  0  0  0  0  0  0  0  0  3]
 [ 0 48  0  0  0  0  0  0  0  0  0  0  0  0  1  3  0  0  0  0  0]
 [ 0  0 30  0  0  0  0  0  0  0  0  1  2  0  2  0  0  0  0  0  7]
 [ 1  0  0 33  0  0  0  0  0  0  0  0  0  0  0  0  0  0  0  0  2]
 [ 0  0  0  0 63  0  0  1  0  0  0  0  0  0  0  0  0  0  0  0  1]
 [ 0  0  2  0  0 41  0  0  1  0  0  2  1  1  0  0  0  1  0  0  2]
 [ 0  0  0  0  0  0 54  0  0  0  0  0  0  0  0  0  0  0  0  0  0]
 [ 0  0  0  0  0  0  0 64  0  0  0  0  0  0  1  0  0  0  0  1  6]
 [ 0  0  2  0  0  0  0  0 57  0  0  0  1  0  0  0  0  0  0  0  0]
 [ 1  0  1  0  0  0  0  0  2 54  0  0  0  0  0  0  0  1  0  0  4]
 [ 0  0  0  0  0  0  0  0  0  0 43  1  0  0  0  0  2  1  0  0  0]
 [ 0  0  0  0  1  1  0  0  0  0  0 47  0  0  1  0  1  3  0  0  4]
 [ 0  0  0  0  0  0  2  0  0  0  0  1 51  0  0  0  2  0  0  0  0]
 [ 0  0  0  0  0  0  0  0  0  0  0  0  0 50  0  0  0  0  0  0  2]
 [ 1  0  0  0  0  1  0  1  0  0  0  0  0  0 57  1  0  1  0  0  4]
 [ 0  0  0  1  0  0  0  1  0  0  0  0  0  0  0 68  0  0  0  0  3]
 [ 0  0  0  0  1  1  1  0  0  0  0  0  0  0  0  0 52  1  0  0  4]
 [ 0  0  0  0  1  0  0  0  0  1  0  1  1  0  0  0  1 62  0  0  1]
 [ 0  0  1  0  0  0  0  0  0  0  0  1  0  0  0  0  0  1 23  0  6]
 [ 0  0  0  0  2  0  0  0  0  0  0  1  0  1  0  0  0  0  1 48  0]
 [ 0  0  0  0  0  0  0  0  0  0  0  0  0  0  0  0  0  0  0  0  0]]
Test classification report:
                precision    recall  f1-score   support

  AlfreWoodard      0.945     0.912     0.929        57
AnjelicaHuston      1.000     0.923     0.960        52
    ColmMeaney      0.833     0.714     0.769        42
 FrancesConroy      0.971     0.917     0.943        36
  JeffGoldblum      0.913     0.969     0.940        65
  JesseVentura      0.932     0.804     0.863        51
   JohnGoodman      0.947     1.000     0.973        54
  KirstieAlley      0.941     0.889     0.914        72
    LiamNeeson      0.950     0.950     0.950        60
    MarkHamill      0.982     0.857     0.915        63
    RobertDavi      1.000     0.915     0.956        47
RobertoBenigni      0.855     0.810     0.832        58
 RobinWilliams      0.911     0.911     0.911        56
     RonHoward      0.962     0.962     0.962        52
  RoseanneBarr      0.919     0.864     0.891        66
SharonOsbourne      0.944     0.932     0.938        73
  StevenSeagal      0.897     0.867     0.881        60
      TomHanks      0.873     0.912     0.892        68
      TomHulce      0.958     0.719     0.821        32
     TonyDanza      0.980     0.906     0.941        53
       Unknown      0.000     0.000     0.000         0

      accuracy                          0.893      1117
     macro avg      0.891     0.844     0.866      1117
  weighted avg      0.934     0.893     0.912      1117

