Test confusion matrix:
[[53  0  0  0  1  0  0  1  0  0  0  0  0  0  0  0  1  0  0  0  1]
 [ 0 49  0  0  0  0  0  1  0  0  0  0  0  0  0  2  0  0  0  0  0]
 [ 0  0 29  0  0  0  0  0  0  0  0  2  3  0  1  0  0  1  0  0  6]
 [ 0  0  0 32  0  0  0  0  0  0  0  0  0  0  0  1  0  0  0  0  3]
 [ 0  0  0  0 63  0  0  0  0  0  0  1  0  0  0  0  0  0  0  0  1]
 [ 0  0  0  0  0 44  0  0  1  0  0  2  0  0  0  0  0  0  0  0  4]
 [ 0  0  0  0  0  0 54  0  0  0  0  0  0  0  0  0  0  0  0  0  0]
 [ 1  0  1  0  0  0  0 65  0  0  0  0  0  0  0  2  0  0  0  0  3]
 [ 0  0  0  0  0  0  0  0 59  0  0  0  0  0  0  0  0  0  0  0  1]
 [ 0  0  0  0  0  0  1  0  1 58  0  0  0  0  0  0  0  0  0  0  3]
 [ 0  0  0  0  0  1  0  0  0  0 45  0  0  0  0  0  1  0  0  0  0]
 [ 0  0  0  0  1  1  1  0  2  0  0 45  0  0  0  0  2  2  0  1  3]
 [ 0  0  0  0  0  0  0  0  0  0  0  0 52  0  1  0  1  0  1  0  1]
 [ 0  0  0  0  0  0  0  0  1  0  0  0  0 50  0  0  0  0  0  0  1]
 [ 0  0  0  0  0  0  0  1  0  0  0  0  0  0 61  0  0  1  0  0  3]
 [ 0  0  0  0  0  0  0  1  2  1  0  0  0  0  0 66  0  0  1  0  2]
 [ 0  0  0  0  2  0  0  0  0  0  0  0  0  0  0  0 53  0  0  0  5]
 [ 0  0  0  0  1  0  0  0  0  1  0  1  1  0  0  0  2 62  0  0  0]
 [ 0  0  0  0  0  0  0  0  0  0  0  2  0  0  0  1  0  1 23  0  5]
 [ 0  0  0  0  4  0  0  0  0  1  1  1  0  0  0  0  0  0  0 46  0]
 [ 0  0  0  0  0  0  0  0  0  0  0  0  0  0  0  0  0  0  0  0  0]]
Test classification report:
                precision    recall  f1-score   support

  AlfreWoodard      0.981     0.930     0.955        57
AnjelicaHuston      1.000     0.942     0.970        52
    ColmMeaney      0.967     0.690     0.806        42
 FrancesConroy      1.000     0.889     0.941        36
  JeffGoldblum      0.875     0.969     0.920        65
  JesseVentura      0.957     0.863     0.907        51
   JohnGoodman      0.964     1.000     0.982        54
  KirstieAlley      0.942     0.903     0.922        72
    LiamNeeson      0.894     0.983     0.937        60
    MarkHamill      0.951     0.921     0.935        63
    RobertDavi      0.978     0.957     0.968        47
RobertoBenigni      0.833     0.776     0.804        58
 RobinWilliams      0.929     0.929     0.929        56
     RonHoward      1.000     0.962     0.980        52
  RoseanneBarr      0.968     0.924     0.946        66
SharonOsbourne      0.917     0.904     0.910        73
  StevenSeagal      0.883     0.883     0.883        60
      TomHanks      0.925     0.912     0.919        68
      TomHulce      0.920     0.719     0.807        32
     TonyDanza      0.979     0.868     0.920        53
       Unknown      0.000     0.000     0.000         0

      accuracy                          0.903      1117
     macro avg      0.898     0.854     0.873      1117
  weighted avg      0.940     0.903     0.920      1117

