Test confusion matrix:
[[55  0  0  0  1  0  0  0  0  0  0  0  0  0  0  0  0  0  0  0  1]
 [ 0 50  0  0  0  0  0  0  0  0  0  0  0  0  1  1  0  0  0  0  0]
 [ 0  0 35  0  0  0  0  0  0  0  0  1  2  0  1  0  0  0  0  0  3]
 [ 0  0  0 36  0  0  0  0  0  0  0  0  0  0  0  0  0  0  0  0  0]
 [ 0  0  0  0 65  0  0  0  0  0  0  0  0  0  0  0  0  0  0  0  0]
 [ 0  0  1  0  0 50  0  0  0  0  0  0  0  0  0  0  0  0  0  0  0]
 [ 0  0  0  0  0  0 54  0  0  0  0  0  0  0  0  0  0  0  0  0  0]
 [ 0  0  0  0  0  0  0 71  0  0  0  0  0  0  0  0  0  0  0  0  1]
 [ 0  0  0  0  0  0  0  0 59  0  0  0  1  0  0  0  0  0  0  0  0]
 [ 0  0  0  0  0  0  0  0  1 60  0  0  0  0  0  0  0  0  0  0  2]
 [ 0  0  0  0  0  0  0  0  0  0 47  0  0  0  0  0  0  0  0  0  0]
 [ 0  0  0  0  0  0  0  0  0  0  0 55  0  0  0  0  0  1  0  0  2]
 [ 0  0  0  0  0  0  0  0  0  0  0  0 56  0  0  0  0  0  0  0  0]
 [ 0  0  0  0  0  0  0  0  0  0  0  0  0 51  0  0  0  0  0  0  1]
 [ 0  0  0  0  0  0  0  0  0  0  0  0  0  0 65  0  0  0  0  0  1]
 [ 0  0  0  0  0  0  0  0  0  0  0  0  0  0  0 71  0  0  0  0  2]
 [ 0  0  0  0  0  0  1  0  0  0  0  0  0  0  0  0 55  1  0  0  3]
 [ 0  0  0  0  1  0  0  0  0  1  0  1  0  0  0  0  1 63  0  0  1]
 [ 0  0  0  0  0  0  0  0  0  0  0  1  0  0  0  0  0  1 27  0  3]
 [ 0  0  0  0  0  0  0  0  0  0  0  0  0  0  0  0  0  0  0 53  0]
 [ 0  0  0  0  0  0  0  0  0  0  0  0  0  0  0  0  0  0  0  0  0]]
Test classification report:
                precision    recall  f1-score   support

  AlfreWoodard      1.000     0.965     0.982        57
AnjelicaHuston      1.000     0.962     0.980        52
    ColmMeaney      0.972     0.833     0.897        42
 FrancesConroy      1.000     1.000     1.000        36
  JeffGoldblum      0.970     1.000     0.985        65
  JesseVentura      1.000     0.980     0.990        51
   JohnGoodman      0.982     1.000     0.991        54
  KirstieAlley      1.000     0.986     0.993        72
    LiamNeeson      0.983     0.983     0.983        60
    MarkHamill      0.984     0.952     0.968        63
    RobertDavi      1.000     1.000     1.000        47
RobertoBenigni      0.948     0.948     0.948        58
 RobinWilliams      0.949     1.000     0.974        56
     RonHoward      1.000     0.981     0.990        52
  RoseanneBarr      0.970     0.985     0.977        66
SharonOsbourne      0.986     0.973     0.979        73
  StevenSeagal      0.982     0.917     0.948        60
      TomHanks      0.955     0.926     0.940        68
      TomHulce      1.000     0.844     0.915        32
     TonyDanza      1.000     1.000     1.000        53
       Unknown      0.000     0.000     0.000         0

      accuracy                          0.965      1117
     macro avg      0.937     0.916     0.926      1117
  weighted avg      0.983     0.965     0.973      1117

