Test confusion matrix:
[[46  0  0  0  2  0  0  6  0  0  0  0  0  0  0  0  0  0  0  0  3]
 [ 0 44  0  1  0  0  0  2  0  0  0  0  0  0  2  2  0  0  0  0  1]
 [ 0  0 26  0  0  0  0  0  0  0  0  2  3  0  2  0  0  0  0  0  9]
 [ 0  0  0 30  0  0  0  1  0  0  0  0  0  0  0  1  0  0  0  0  4]
 [ 0  0  0  0 62  0  0  0  0  0  0  1  0  0  0  0  0  0  0  0  2]
 [ 0  0  1  0  0 42  0  0  0  0  0  2  1  0  0  0  0  1  0  0  4]
 [ 0  0  0  0  0  0 54  0  0  0  0  0  0  0  0  0  0  0  0  0  0]
 [ 0  0  0  0  0  0  0 65  0  0  0  0  0  0  0  0  0  0  0  1  6]
 [ 0  0  3  0  0  0  0  0 53  0  0  0  3  0  0  1  0  0  0  0  0]
 [ 0  0  0  0  0  0  0  0  2 53  0  0  0  0  0  0  0  1  0  0  7]
 [ 0  0  0  0  1  0  1  0  0  0 41  0  1  0  0  0  1  2  0  0  0]
 [ 0  0  0  0  1  2  1  0  2  0  0 40  1  0  1  0  2  1  0  0  7]
 [ 0  0  0  0  0  0  0  0  0  0  0  0 50  0  1  0  1  0  1  0  3]
 [ 0  0  0  0  0  0  0  0  1  0  0  0  0 49  0  0  0  0  0  0  2]
 [ 0  0  0  0  0  0  0  0  0  0  0  0  0  0 60  1  0  0  0  0  5]
 [ 0  0  0  0  0  0  0  1  0  0  0  0  0  0  0 66  0  0  0  0  6]
 [ 0  0  0  0  2  0  2  0  0  0  0  0  0  0  2  0 42  3  0  0  9]
 [ 0  0  0  0  1  0  1  0  0  1  0  1  0  0  0  0  1 62  0  0  1]
 [ 0  0  1  0  0  0  0  0  0  0  0  1  0  0  0  0  0  1 22  0  7]
 [ 1  0  0  0  1  0  0  0  0  0  0  1  0  0  0  0  0  0  0 49  1]
 [ 0  0  0  0  0  0  0  0  0  0  0  0  0  0  0  0  0  0  0  0  0]]
Test classification report:
                precision    recall  f1-score   support

  AlfreWoodard      0.979     0.807     0.885        57
AnjelicaHuston      1.000     0.846     0.917        52
    ColmMeaney      0.839     0.619     0.712        42
 FrancesConroy      0.968     0.833     0.896        36
  JeffGoldblum      0.886     0.954     0.919        65
  JesseVentura      0.955     0.824     0.884        51
   JohnGoodman      0.915     1.000     0.956        54
  KirstieAlley      0.867     0.903     0.884        72
    LiamNeeson      0.914     0.883     0.898        60
    MarkHamill      0.981     0.841     0.906        63
    RobertDavi      1.000     0.872     0.932        47
RobertoBenigni      0.833     0.690     0.755        58
 RobinWilliams      0.847     0.893     0.870        56
     RonHoward      1.000     0.942     0.970        52
  RoseanneBarr      0.882     0.909     0.896        66
SharonOsbourne      0.930     0.904     0.917        73
  StevenSeagal      0.894     0.700     0.785        60
      TomHanks      0.873     0.912     0.892        68
      TomHulce      0.957     0.688     0.800        32
     TonyDanza      0.980     0.925     0.951        53
       Unknown      0.000     0.000     0.000         0

      accuracy                          0.856      1117
     macro avg      0.881     0.807     0.839      1117
  weighted avg      0.921     0.856     0.884      1117

