Test confusion matrix:
[[54  0  0  0  1  0  0  0  0  0  0  0  0  0  0  0  0  0  0  0  2]
 [ 0 47  0  0  0  0  0  2  0  0  0  0  0  0  1  2  0  0  0  0  0]
 [ 0  0 28  0  0  0  0  0  0  0  0  1  3  0  1  0  1  0  1  0  7]
 [ 0  0  0 33  0  0  0  2  0  0  0  0  0  0  0  0  0  0  0  0  1]
 [ 0  0  0  0 63  0  0  0  0  0  0  1  0  0  0  0  0  0  0  0  1]
 [ 0  0  1  0  0 41  0  0  0  0  0  1  3  0  0  0  0  1  0  0  4]
 [ 0  0  0  0  0  0 51  0  0  0  0  0  2  0  0  1  0  0  0  0  0]
 [ 0  0  0  0  1  0  0 65  0  0  0  0  0  0  0  0  0  0  0  0  6]
 [ 0  0  1  0  0  0  0  0 57  0  0  0  2  0  0  0  0  0  0  0  0]
 [ 0  0  0  0  0  0  0  0  1 58  0  0  0  0  0  0  0  0  0  1  3]
 [ 0  0  0  0  0  0  0  0  0  0 40  0  1  0  0  0  4  1  0  0  1]
 [ 0  0  0  0  2  1  0  0  1  0  0 45  1  0  0  0  1  1  0  1  5]
 [ 0  0  1  0  0  0  1  0  0  0  0  0 53  0  0  0  1  0  0  0  0]
 [ 0  0  0  0  0  0  0  0  1  0  0  0  0 48  0  0  0  0  0  0  3]
 [ 0  1  0  0  0  0  0  0  0  0  0  0  0  0 60  1  0  1  0  0  3]
 [ 0  0  0  0  0  0  0  1  2  0  0  0  0  0  0 67  0  0  0  0  3]
 [ 0  0  0  0  2  1  1  0  0  0  0  0  0  0  0  0 51  1  0  0  4]
 [ 0  0  0  0  1  0  0  0  0  1  0  1  1  0  0  0  1 62  0  0  1]
 [ 0  0  1  0  0  0  0  0  0  0  0  1  1  0  0  0  0  1 22  0  6]
 [ 1  0  0  0  1  0  0  0  0  0  0  1  0  0  0  0  1  0  0 48  1]
 [ 0  0  0  0  0  0  0  0  0  0  0  0  0  0  0  0  0  0  0  0  0]]
Test classification report:
                precision    recall  f1-score   support

  AlfreWoodard      0.982     0.947     0.964        57
AnjelicaHuston      0.979     0.904     0.940        52
    ColmMeaney      0.875     0.667     0.757        42
 FrancesConroy      1.000     0.917     0.957        36
  JeffGoldblum      0.887     0.969     0.926        65
  JesseVentura      0.953     0.804     0.872        51
   JohnGoodman      0.962     0.944     0.953        54
  KirstieAlley      0.929     0.903     0.915        72
    LiamNeeson      0.919     0.950     0.934        60
    MarkHamill      0.983     0.921     0.951        63
    RobertDavi      1.000     0.851     0.920        47
RobertoBenigni      0.882     0.776     0.826        58
 RobinWilliams      0.791     0.946     0.862        56
     RonHoward      1.000     0.923     0.960        52
  RoseanneBarr      0.968     0.909     0.937        66
SharonOsbourne      0.944     0.918     0.931        73
  StevenSeagal      0.850     0.850     0.850        60
      TomHanks      0.912     0.912     0.912        68
      TomHulce      0.957     0.688     0.800        32
     TonyDanza      0.960     0.906     0.932        53
       Unknown      0.000     0.000     0.000         0

      accuracy                          0.889      1117
     macro avg      0.892     0.838     0.862      1117
  weighted avg      0.934     0.889     0.909      1117

